0.184092
0.0559058774108942
-0.138822792998728
-0.12680601145842
0.0424333704854412
0.114559245390992
0.027773085238818
-0.0523732926079739
-0.0328158561862616
0.00575259417822527
-8.40626420722089E-05
-0.00458089198862124
0.0204132125135519
0.0253061111442608
-0.010277232137146
-0.0317218419509912
-0.00847470665478708
0.017178123706139
0.0113617641568761
-0.00207117474665223
6.27706473964258E-05
0.00175863721515336
-0.00794307090803509
-0.00993750165386359
0.00405322276467769
0.0125071245362869
0.00332580494111218
-0.00668121269916323
-0.00435999187791103
0.000779644409308144
-3.48841289762956E-05
-0.000638327887319586
0.00278998000532844
0.00336479657640776
-0.00131522517810526
-0.00386135875424894
-0.000968337322281614
0.00181438944264848
0.00108858771981886
-0.000175379285669704
9.25690239448274E-06
0.000108161251198485
-0.000375509480444177
-0.000320644818170701
6.60196964912119E-05
-8.86670943496184E-06
-6.23790166393788E-05
0.000253057907055012
0.00025315